0.6931208258583432
0.6797286423425826
0.6571710686835032
0.5901947295854962
0.5379142784883105
0.500340843957568
0.45543588059289114
0.4130945849040198
0.3892939540128859
0.3305890765928087
0.2958370023776615
0.3080261822730776
0.23323823937347957
0.1736119215687116
0.14979435763661825
0.12604603023519592
0.10413573705960834
0.1165010751121574
0.06622935617194763
0.05651868672095357
0.0672810741419357
0.05159524641931057
0.053254041303363114
0.042885424835341315
0.03696072358076298
0.041280241993566356
0.020791204786667274
0.03672187267580912
0.027566238528206236
0.018945354443516523
0.026378601212941465
0.030612037154949374
0.019938736766879815
0.016832799155501618
0.05764498757494111
0.02037239388936007
0.009575642339537836
0.012864010109975453
0.019176446155936916
0.020080661068537405
0.01399837783953574
0.00967563021538173
0.014676585226201468
0.011679539553052376
0.01142809861468979
0.01512870708485559
0.007781510098004854
0.012003961964399509
0.008245476280405586
0.0019098163401294085
0.0015370700938446033
0.012901767162561771
0.010081167314349422
0.004350648625877367
0.009108651861814516
0.019151894575251
0.014557192560344462
0.00735191787414748
0.0035661703549853953
0.004719036235843623
0.02964703631259331
0.006314559702462118
0.00540777254210543
0.006364703219058731
0.0051745337493937565
0.004637242368762455
0.0022900342755534098
0.007024796957950226
0.0012563706055689614
0.008235665241492883
0.009098282771273739
0.0062326806911721455
0.0030464756261882565
0.003968001627880666
0.006781403466043735
0.00170583661139019
0.0001427549116684416
2.9896262562473682e-05
1.7554103925206055e-05
1.4595579404923474e-05
1.1372293188504132e-05
9.71124049216982e-06
8.676066131773128e-06
7.806447366232215e-06
6.937256675395734e-06
6.348424281419457e-06
5.840500617768922e-06
5.4305978520705904e-06
5.2161854072769605e-06
4.702830639622507e-06
4.500676440661736e-06
4.157191303129646e-06
3.982435597237551e-06
3.7317703496383396e-06
3.5638057769329097e-06
3.386290167045878e-06
3.2561106814278496e-06
3.125408009884903e-06
2.963165061806822e-06
2.8439801959783447e-06
