0.6922053420354449
0.6686236934056358
0.6339506752907283
0.5802354788969434
0.5309280275352417
0.48705691572219606
0.45097707282929195
0.41411780696066597
0.36774834020743297
0.3241649776224106
0.3294346285244775
0.2605868698585601
0.21017699097357098
0.176989070479832
0.14280681720092184
0.12246410962608126
0.12052256566664529
0.0953817946747655
0.07855770463449141
0.07319001673114678
0.04018437597043221
0.05342524829838011
0.04036320109541217
0.055103040544227475
0.03798503972708233
0.041720743808481425
0.04372159354869158
0.0386809114780691
0.026098160679259942
0.03253654647795927
0.02390757108676351
0.015042530082624465
0.022965498009903565
0.025496283427826942
0.026459624332981924
0.05152989945389212
0.017875876747042177
0.03178877966655862
0.023813715454057922
0.025001604728112442
0.012309505785298016
0.014998929042901312
0.014524296990462713
0.010957406634891717
0.014077847528477875
0.01379388911981738
0.01271419594478276
0.03300926849127762
0.014150167149232907
0.0160439218854576
0.018954142479092946
0.015738849566938978
0.009689706377338595
0.009073301233232968
0.011504196221866304
0.009513463145205086
0.009888383175527293
0.014769135592764037
0.006586162481408027
0.0015034233506340238
0.002114619622362726
0.003832554465228145
0.01372789415819127
0.011399038986022037
0.01160081515886954
0.013587860445979805
0.01058319206571295
0.015329744898721517
0.005389197252663998
0.004859622554033108
0.006388034369766025
0.013414507212546018
0.01048240971831258
0.005094129139915966
0.012221438699357566
0.042383944660070394
0.007510861984291483
0.02417032913644872
0.027933540510102398
0.0016879976361769155
0.0002583377869981748
6.347818568414484e-05
5.097527459188963e-05
4.841918299130085e-05
4.831046184306846e-05
4.7126972594202335e-05
4.776576090426672e-05
4.903354997550773e-05
4.886211718077527e-05
5.278168689636957e-05
5.143818884428742e-05
5.3789596431814727e-05
5.457661222502042e-05
5.610409050224541e-05
5.7154572243148106e-05
5.874111657104795e-05
6.016924864149861e-05
6.273804071483143e-05
6.313926139718826e-05
6.512365334423347e-05
