0.6833007856020852
0.5976933212507338
0.5025086752952092
0.4460068799200512
0.4080728330309429
0.3670182521381075
0.31061544446718126
0.2820690470555472
0.2470554094465952
0.21744163665506575
0.18267190125253466
0.1614183308113189
0.13760620875964089
0.12714050757506537
0.09905556772672941
0.09201836656956446
0.09619159337192301
0.0773311158316949
0.06846908695759281
0.06623908572845043
0.06780324710739984
0.051068078090865464
0.04776775187975357
0.049341841955624875
0.03869623498665908
0.04590429250328314
0.04821489050629593
0.03805624194709318
0.030202123654326275
0.04240469670011884
0.03649856004538753
0.025665325208729696
0.034712973494260085
0.029740121784723468
0.03859480950863115
0.03242086929579576
0.02864728250821668
0.03295050703343891
0.03322203548270322
0.028073346552749474
0.02871727950811859
0.03336488931543297
0.022043599229719903
0.03082766231622488
0.049869409806671594
0.029495684747835472
0.032480942432783426
0.022742968510895495
0.02566067731776644
0.028745084683159516
0.02677975363645052
0.03279266847179286
0.020855523498048856
0.017451571869767375
0.026207849605097658
0.022286347405511945
0.025975605014652486
0.04101595319881444
0.024731063261805547
0.019128822884152807
0.022793284787367734
0.02076743637758588
0.018932716144869726
0.0238689033994599
0.029251621740441474
0.029703472785296895
0.01821486417588497
0.021929605553547542
0.018697862956850303
0.016087850733172326
0.025086557455656546
0.024787747559862003
0.09000119254998272
0.029481076735204885
0.02813962097501471
0.02715906228071877
0.01565834094164154
0.02673106455606305
0.02441048188253291
0.01721290395491653
0.0267009219590811
0.01870303824248295
0.015293729729906079
0.019727687432711558
0.016078149707662682
0.020037924257358387
0.025778012963691876
0.032873632726333445
0.021468209546236766
0.018803381893251623
0.02370070948428105
0.01771047916115513
0.016230827611353662
0.017386194288967146
0.02483415278413939
0.023253010201548772
0.024297161704799647
0.01679803209290618
0.02851952722532645
0.012835303513658426
