0.5806612443356287
0.47056169831563555
0.44291906318967306
0.428846721138273
0.4233931927453904
0.41350275703838896
0.4132327333329216
0.4031756629073431
0.4054936459140172
0.4049999581442939
0.40003027045537554
0.39085285720371066
0.39730428987079197
0.4009490784198519
0.39546314922590103
0.38974137296752326
0.3937229249212477
0.39074835512373185
0.3894082567994557
0.38511743384694297
0.3905501696798537
0.38630168021671357
0.3904672477926527
0.3851239624477568
0.377651902418288
0.390496275727711
0.3859289056724972
0.38750370911189486
0.3829840175689213
0.3851093053817749
0.3785545300869715
0.3802322329036773
0.3795541236324916
0.37984901430114865
0.3791029680342901
0.3794617988760509
0.3798885979349651
0.38175011863784186
0.3797056627652002
0.3811917830081213
0.37460623610587346
0.3791096877484095
0.3815718496602679
0.37565015800415524
0.383914114463897
0.38803557744101874
0.3768874787622028
0.3774378862645891
0.3746781637744298
0.37518215037527536
0.38209366893011426
0.3717482454246945
0.3763520684507158
0.37672859619534205
0.3765871420739189
0.3767134097833482
0.3765805699522533
0.3766218684022389
0.38241540392239887
0.3724259984871698
0.3752378353050777
0.37689300661995295
0.37529952895073665
0.3769205255167825
0.3709626200180205
0.3686908521349468
0.3767534272065238
0.37381887814355275
0.37393452723821
0.3741022362595513
0.3709383356192755
0.37096270871540854
0.3767898068541572
0.3763276187200395
0.3690593055789433
0.3759623912591783
0.3738639279017373
0.3793860702287583
0.37307371979668025
0.37358682023154366
0.3722960426220818
0.3659735955889263
0.3660976297798611
0.37712566341672626
0.37083658292180016
0.3691585385610187
0.3681125427995409
0.3762854127183793
0.3724310663011339
0.3674547743229639
0.3681101614520663
0.3764230760317
0.37766376563480925
0.37404911480252706
0.36985886262522805
0.3752421973243592
0.3716918835564265
0.36900023595681264
0.369384394278602
0.3707597903789036
