0.6881285215181018
0.6936177450513082
0.6848298197700864
0.654527485370636
0.603008298646836
0.5432847761918628
0.5000015724272955
0.4578299962338947
0.41497832867834306
0.3806013086485484
0.3552173338239155
0.32589933418092276
0.3034108186525012
0.2690173316569555
0.28122948110103607
0.21988914410273233
0.1780442608490823
0.15650562658196404
0.1555434942008957
0.21336148998567037
0.11800902147614767
0.09653873788932013
0.13292884859182533
0.06545716184117491
0.06121784547669074
0.0560722768912831
0.04911673156219342
0.06244708823838404
0.04888879985267681
0.039741985137677856
0.04489846821756117
0.05195785145319644
0.03219351627760463
0.031187431509828285
0.033222832739175784
0.02769362819307144
0.03463540664534011
0.021978080801163164
0.018700973751644295
0.02189352965011956
0.022221831723101555
0.01933237783137768
0.022918836790181342
0.016482470616225212
0.014499249816354778
0.025435918956876746
0.023920922163164333
0.022338839990663387
0.024574764176375337
0.01747861844930975
0.021206267540239625
0.015965871241716077
0.019650463332673385
0.021019987189137036
0.013309766015496164
0.015464412576947657
0.010528896691366321
0.01115128098876633
0.008319662928226449
0.011472333669810304
0.012303124417528687
0.01013909268473822
0.021460833441880014
0.01307361399281829
0.022856429500120973
0.02680616673555166
0.016025832824645533
0.01405797546936406
0.02501745577458115
0.012731621603644083
0.008908621400469057
0.010848586275685756
0.00774014005548365
0.008372341511800649
0.009106946844858901
0.012626203464432842
0.007493054072949148
0.008710714010891341
0.009103273570034948
0.006045139275513412
0.006816882544958461
0.007569193189579343
0.007705581657189343
0.011475275656382095
0.011210571433092275
0.008142287990758343
0.009925391177632033
0.016313967733627317
0.007103391461968717
0.007556522375948373
0.014739283597067235
0.0067153214828096445
0.007892164496874939
0.009924718932736488
0.011520709391565078
0.0078043512231300745
0.004672877852701479
0.007047259126834217
0.007059658112536583
0.008899099245253537
