0.6927626908771576
0.6858184630908664
0.6429036865158687
0.5839804789376637
0.5346147209878952
0.49167411573349484
0.4496808482540978
0.41949368658519925
0.36991656725368804
0.33960341319205267
0.278697742119668
0.23626781763538482
0.20158329535098302
0.16383124917509065
0.14755490374943567
0.1172900346536485
0.12933919289045864
0.11865718402559795
0.08523006886539478
0.05390419266999714
0.0582960498489676
0.04164870292694855
0.034060021614774116
0.04567247805082136
0.03284012442011209
0.06255929353868678
0.028336314854049492
0.02083906497333258
0.022064470767324405
0.03433452142284266
0.018752517701599688
0.013250718336729776
0.019740977620203343
0.02990885524611388
0.025951498105848535
0.01517095286694784
0.01565180964110094
0.013195294268197835
0.0066455717926781665
0.024597388450592193
0.010364143737769197
0.012936623818758462
0.012349854260387401
0.009118701772956503
0.007428882924455499
0.010935631749044472
0.01364508281011016
0.004842304478635982
0.0004420212288904521
9.050808417697905e-05
1.5420170726313713e-05
1.091499002757787e-05
9.505304444159957e-06
8.350413028192778e-06
7.723272357820643e-06
7.117384358126502e-06
7.1903681571942766e-06
6.17507744877118e-06
6.033673243008606e-06
5.653007195048433e-06
5.380402841284295e-06
5.216416797887336e-06
5.0078249639934966e-06
4.847556496600188e-06
4.738822496172303e-06
4.581562028046651e-06
5.0071899345817255e-06
4.347904827397095e-06
4.3724405749965206e-06
4.175860175968814e-06
4.096356463825999e-06
4.01640155343687e-06
3.95631999959545e-06
4.035462494819455e-06
3.88593669355494e-06
3.7989271273574327e-06
3.7509495530771563e-06
3.7341626069512187e-06
3.969238980697275e-06
3.628576723352284e-06
3.5773854757093115e-06
3.5382673565386035e-06
3.5771039591285416e-06
3.4873190626303623e-06
3.5019078538988696e-06
3.4322971163225885e-06
3.412252792055182e-06
3.4266461928685508e-06
3.3768985273823884e-06
3.3704249026702617e-06
3.3876129143050454e-06
3.3503985764221558e-06
3.424513601029979e-06
3.340887389409574e-06
3.4281900384701746e-06
3.3408745337741465e-06
3.37030277954736e-06
3.2432868387839818e-06
3.3599200457776156e-06
3.313788410095084e-06
