0.6739710635609097
0.5697140386180272
0.49650807134688846
0.4381158858064621
0.39763428672911627
0.3490452283904666
0.3198968020696489
0.2734458427580576
0.2494658035418344
0.19841656301702773
0.1640644059294746
0.14105991960044892
0.125367369621046
0.11274746137242468
0.08060301707259246
0.07807881124908962
0.09749777029667582
0.056962693790121685
0.0543621415568013
0.04422427974050007
0.0419700677314448
0.06909630063270765
0.07189482574661572
0.030885227268473023
0.04377591333514641
0.026220451663469986
0.028046237260458014
0.02718359182426144
0.030574451579475807
0.026768711040772143
0.025866191331592816
0.02262164952994753
0.016537206267371186
0.02238192246665084
0.021939587404227093
0.023845916859702103
0.013443289516818903
0.02212413132841152
0.01563804717882285
0.014610121541264807
0.011427230528733205
0.013798953410601132
0.016133516199058957
0.01922229280148352
0.028626117548565307
0.014503790413044275
0.0389118833940417
0.017325677088506165
0.02295381041421067
0.010073763432927312
0.01908858260139823
0.011410396254163176
0.012174043523532057
0.011769684598148738
0.01092625089361155
0.0200166433517422
0.0302920855788721
0.05863853275687212
0.023937319442334157
0.02572684002751928
0.014472276004241957
0.009690604941357695
0.011572120073694913
0.007006583535777671
0.012250622724726176
0.009233183641400602
0.014829410713106866
0.016824344476123177
0.017486905943351016
0.008600878909910245
0.010167124548128672
0.012644887310526674
0.011962203065022117
0.006264854456637136
0.007027398434556311
0.007039302641281947
0.009950594363054113
0.008036659165684665
0.010276226267691643
0.008113272641489784
0.009981403600365396
0.008388367217747376
0.011986936483206966
0.007000134296951786
0.01623413259429591
0.007976196648318336
0.006068225659888297
0.006962489366294846
0.005249052616168878
0.014836858951538388
0.011526975686484505
0.007720183782530801
0.006728828917922718
0.006610168724335612
0.008907267110540516
0.007963240375771882
0.016141900652280404
0.007341046379657374
0.010064181380180849
0.007415944008186223
