0.5840700580960229
0.4727911793050312
0.4410023308462567
0.4328585716467055
0.422259018061653
0.4130658758065057
0.4060706030281763
0.40104766592146857
0.4060763754541912
0.40140030355680556
0.3903488866866581
0.39111091504021295
0.3931037239612095
0.3896422764611623
0.38900480052781483
0.3933390752663688
0.3886576933520181
0.38612222766119336
0.381960487081891
0.38024474562160554
0.3796396591360607
0.3807649224523514
0.37908963740818086
0.38519688021569026
0.37744829720920986
0.3793505023396204
0.3811900984673273
0.37527162498897976
0.37925579339738874
0.37429893631783745
0.37769597863394117
0.37699986308340044
0.3789203323069073
0.3700548131314535
0.3749908653516618
0.3715708733551086
0.3743545020383502
0.3753373608702705
0.3796623044070743
0.3782957347612532
0.37093603185244967
0.37226952162999954
0.37182137180888464
0.3693513716497118
0.3717930842013586
0.3694878097564455
0.37159486517073614
0.3681934948951479
0.3657094287493872
0.3704818444592612
0.36976774509937044
0.37285662312356255
0.3726788177376702
0.3741974087934645
0.3698226549322643
0.3727828718367077
0.37167265869322275
0.37094067675726755
0.3670766873965188
0.3664962604405388
0.36651108709592667
0.3653901881641812
0.36920028641110375
0.3711263428604792
0.37492034028446863
0.36861679951349896
0.3700166226379455
0.36994098197846187
0.36723950457951376
0.3699732593127659
0.36824461368341294
0.3621204003455147
0.3679015981772589
0.37043699101796224
0.36894813889548894
0.36698540051778156
0.36348772261823925
0.3668323088259924
0.3704449359386686
0.3652401029590576
0.36414687028006903
0.36032898960605503
0.3667448252912552
0.36739394825602334
0.364065358563075
0.3645431195932721
0.36355824461058966
0.36069698939247735
0.36759474637016415
0.36377219430037905
0.3633560975865712
0.3664957516723209
0.3658627810932341
0.36473693639513044
0.35975896082227193
0.36453779443861944
0.36121498119263423
0.362671713743891
0.36456862848902505
0.36393908683269743
