0.6783592464431883
0.5986711425440652
0.49781145462914117
0.4502902915553441
0.4024980990659623
0.37394280991857015
0.3245195486242809
0.28041909114708974
0.24540422383754973
0.2055143117904663
0.18719439622428682
0.1621377779141305
0.13532337960269716
0.10442104048672177
0.09947147087327071
0.08831865506039725
0.07492251824291926
0.09615550701698614
0.07079783386536061
0.05579027110740306
0.047195382970607
0.04732784628868103
0.050827870175005896
0.043135042908409284
0.04144538470381309
0.03157148099253102
0.03684527853444692
0.04653244693246153
0.026918952937223135
0.05207481099632642
0.027395445968039216
0.0252822194810188
0.03195004655225646
0.022272392420009487
0.0241700484979129
0.020758774294148363
0.03856368006635753
0.026841856960562013
0.037914095837261394
0.017640179551635233
0.03855629185111158
0.01624083923848553
0.014328648971896323
0.029691675840507425
0.019158055991052636
0.016937284863420894
0.026739270069695537
0.013795887381338473
0.014332644840968507
0.022169666734361458
0.013520790145747245
0.016030620110945568
0.023706729036001933
0.011280630205181382
0.011242249315338475
0.013780194005766322
0.012443751086562222
0.009530252599645229
0.015443343691350449
0.015781896939087246
0.015435384209489538
0.00985643288327588
0.010925743952467447
0.026134622530893437
0.03810897558217957
0.014157446744363932
0.013716688120944632
0.010222264136823396
0.00944577705850529
0.016346388245149265
0.011700716032277025
0.008941181946919107
0.013052399469805616
0.012749643552870978
0.012285227676676143
0.016747495750822718
0.013075971347649418
0.01874319470620581
0.010061131757018822
0.009170864842691652
0.012392376879587472
0.009339944541265834
0.013686750939664235
0.008773083092703943
0.010820419109973407
0.006730714361996405
0.014246651764436152
0.013940372208635959
0.011069244062777475
0.008091056283326849
0.014878146283860718
0.009659263819071746
0.01085706550021848
0.00893589681465297
0.007770090961703173
0.010187487265775128
0.011493319603716141
0.00897621103222408
0.01151030593448215
0.01122544485602587
