0.6937067376242744
0.6786940012659345
0.6392364360037304
0.5751421342766474
0.5216660206280057
0.4782153978234246
0.43970502652819193
0.3958878157630799
0.36135398206256686
0.38948479909745476
0.29119364136741277
0.261461178698237
0.19605469963853323
0.15829617417757474
0.13709518248363148
0.1048392563585251
0.09257272264314076
0.07718861438629646
0.06265495226733268
0.061327968975381245
0.05352017281222202
0.04315192284919913
0.04139499483807456
0.05502518427573026
0.06596808879828406
0.03749902707908953
0.030798891322716834
0.029858493697016486
0.04450252276682665
0.024686263903738962
0.08031683807660427
0.023360737784218693
0.019963499602107776
0.011133778810737625
0.012611335653456904
0.023166340962421917
0.027655273171452183
0.012347239084423535
0.009691247926278424
0.00805552791257108
0.017849076361883254
0.014547347142878506
0.010813785945795224
0.0060934559233207855
0.022669245163717912
0.00971904636493751
0.007695094834262919
0.015716398327005287
0.003048469090745563
0.016731034315723394
0.0033799766343070095
0.00251937592919502
0.012107800551882339
0.009387108874285505
0.020176441009555544
0.007384327632359874
0.006517545874452307
0.012323622163320478
0.010210950262955435
0.0024764434594313598
0.003806202679466907
0.004443540518950035
0.004583432557338379
0.010531694633091176
0.0027027265078787524
0.01576055215287303
0.010569481589343576
0.0062775375823487176
0.005875531442951696
0.003187758293712423
0.003939931523904855
0.0071571030026201955
0.0003567260453507068
4.063669034405306e-05
2.740078791306125e-05
2.1570127558781736e-05
1.7615542937785486e-05
1.4978128673715129e-05
1.3387074922941373e-05
1.1575086268243871e-05
1.0338012228903464e-05
9.355455986566979e-06
8.552335845453153e-06
7.906135524968877e-06
7.368377398037525e-06
6.814995682390642e-06
6.383278498596776e-06
7.105001483097791e-06
5.6151308370548545e-06
5.2648532835245e-06
5.045858148468329e-06
4.747734656409611e-06
4.651575124178577e-06
4.3464471045375654e-06
4.151508242391592e-06
3.964801526723339e-06
3.986878182909023e-06
3.680669084450716e-06
3.5201628056783525e-06
3.400585871842186e-06
