0.6918015631418379
0.6661480267842611
0.6204019264569358
0.5728409432229542
0.5188686152299246
0.47525397747282
0.45071046409152804
0.3865419853301275
0.352152278025945
0.3011492072116761
0.2707127696937985
0.23689249512695132
0.1810420063279924
0.14503838618596396
0.1330355755275204
0.11448352168949824
0.14237517003147376
0.08873069455610617
0.061979636246900234
0.061870842033790216
0.05345280631075776
0.09035691965578331
0.0371455291271328
0.0316522283967407
0.030784103538959273
0.021234891636090145
0.018437280914642744
0.046881696711930015
0.018098463988973804
0.012126333095015042
0.048066940616875414
0.01360897700272737
0.025148670211256968
0.020918196658529932
0.014516288414597511
0.01677033364299744
0.012166971374960941
0.004177637020932577
0.007369292500827994
0.019929123170200794
0.025018667794823174
0.018495543248025655
0.012798245042739879
0.02835587708516017
0.004236012277293152
0.01708832811859865
0.015075949464170705
0.008763809074899034
0.04208836521923778
0.025338266125814583
0.007745015815580411
0.008119743641896455
0.005316466567732971
0.010545575392565556
0.029914243686583915
0.005666320122217589
0.008171996844577648
0.006518654123831924
0.006655490187103934
0.009447569722339275
0.006148648773512197
0.0012726006946520232
0.00395363241679863
0.012423466861484543
0.009621120586326281
0.0013821347786269764
0.0028121957060186164
0.006220513526379421
0.006948155587509511
0.014090955724924921
0.0031645246244951276
0.00021486374947608778
2.8764126527098668e-05
1.8296030594640234e-05
1.4814277603493662e-05
1.2720006293781648e-05
1.1221600183424535e-05
1.012346096075138e-05
9.188414381017515e-06
8.506682399730914e-06
7.912132238584852e-06
7.781480985974508e-06
7.1482703326240415e-06
6.890567145467411e-06
6.3778846716948986e-06
6.029352782264588e-06
5.811913062701471e-06
5.579853701232106e-06
5.410775913102072e-06
5.202013112249829e-06
5.225445940076108e-06
4.936791211793972e-06
4.850789450540019e-06
4.738232465093634e-06
4.543217761533383e-06
4.539893534600861e-06
4.353722862071937e-06
4.388804607890687e-06
4.287703725981013e-06
4.12960255902911e-06
