0.6939219605355036
0.6842401179056319
0.6552356850533259
0.613472456969912
0.5625018614625173
0.5317042436864641
0.4925439248955439
0.455855000113684
0.42597696894691106
0.3888173117524102
0.34840296019637396
0.325642471039106
0.3043092716307867
0.27655998132531606
0.22545944804710055
0.2503224457540209
0.18133778574447784
0.158970788476013
0.16181609886033194
0.12711577827022189
0.15764133543485687
0.12243135770161946
0.14478433599311208
0.10709988254876364
0.08788778550095028
0.08654719109218272
0.11256551925861646
0.0978260896212998
0.08049218573917945
0.07966609996935678
0.07245732969530518
0.10825453648373248
0.06350771339225864
0.05684582439679948
0.05195034457932389
0.12577762301006015
0.09671450932584112
0.08569719757707346
0.07321219855830782
0.10315256305630245
0.06097876323416593
0.06275971198365801
0.044585921417271336
0.06023624358284804
0.053147540812099735
0.08939761695052896
0.09717348138136524
0.056446562491593855
0.08653140549976675
0.07588253471822966
0.05700048257315916
0.08915383611170072
0.048788102158892246
0.06020547955163887
0.07124545181258804
0.05674726814622917
0.048982743972114155
0.054292595117456384
0.06404793771013381
0.6619328979461913
0.4570036374387287
0.33204517383424065
0.2539829604682468
0.18599776332340542
0.1654586527082655
0.13610098238975282
0.1327506768561545
0.11386867039023883
0.10174604345645223
0.13054639550428543
0.09736803085321472
0.11026505930792718
0.11479213425800913
0.09203622720780827
0.08275213503530102
0.09971680072328401
0.05268044618978387
0.0847279711493424
0.11277714803341836
0.08187097316933056
0.057328944759709496
0.05554731178378302
0.13297383386700873
0.08407415884236495
0.056828478824288126
0.06394820497740829
0.08411506093328908
0.07105496800726369
0.10954400057357455
0.05773574617942647
0.05445796813047121
0.056507906713892546
0.04956565080358395
0.05605186768881385
0.06084952506399344
0.05516209008379115
0.2735363495728326
0.10289079737332132
0.06949962187735807
0.2571916672445479
