0.6854297357892233
0.6092424875213986
0.5248690573942094
0.4684680336051517
0.41952840770993916
0.3804497756655254
0.3256004289502189
0.2854106066718934
0.2517260426566714
0.210511953229942
0.1749153221173892
0.15493085956762706
0.12439598557021883
0.10489652678370476
0.08302125213519922
0.06812997296866444
0.047138661404864654
0.06807925722133072
0.059693797845356465
0.03768987029731747
0.04113402800072753
0.03148029803017539
0.0329329936085121
0.03401096101613745
0.036845358351008994
0.019530611866641612
0.018458365309347826
0.018260432104210533
0.023064336096424432
0.018518513008963226
0.012030412036452501
0.06559527041538367
0.016591442408897573
0.018521207924340925
0.012374455257067605
0.03156369026484234
0.00930567897139265
0.017294590234837776
0.010376380794436304
0.016160960351708272
0.008268000945145825
0.013820485522349676
0.02863628418731784
0.017303129794036354
0.010088689884194911
0.00907168686685581
0.01843578185856579
0.013483484983832264
0.008017481549315909
0.009600444619060173
0.015454514541142132
0.010755372776787096
0.002435182133460388
0.01827386641628162
0.006002985736394914
0.00953150662196946
0.009235498394806951
0.0032658226678211662
0.00017184793070179968
1.3689093389445358e-05
1.1426178780901465e-05
5.938833884067482e-06
4.609303743116413e-06
3.868122659032307e-06
3.3753932425966807e-06
2.9902846094161743e-06
2.7001760204690244e-06
2.45327077250421e-06
2.3163400054193244e-06
2.0863103961187695e-06
1.9396383384801427e-06
1.8371620045501104e-06
1.708555933205732e-06
1.79247652138454e-06
1.5143896379168071e-06
1.4345619886640518e-06
1.3878865942503566e-06
1.308714535034885e-06
1.2428907894836867e-06
1.2151645005504842e-06
1.145747867375186e-06
1.1160573808049934e-06
1.1195589967616206e-06
1.024583379408536e-06
9.80180695296981e-07
9.75133941340443e-07
9.225505316011088e-07
8.921826027593246e-07
8.57408084566631e-07
8.30857999741085e-07
8.067400230177532e-07
7.836787021225129e-07
7.844936904110086e-07
7.450014991372015e-07
7.216753714552335e-07
7.219041850793661e-07
6.903973302188307e-07
6.694107568931045e-07
6.68629192140153e-07
6.364333251165966e-07
